A = [5 -3 2; 1 4 -1; 3 5 1];
b = [4;-13;8];

result = A\b